"Close"
1.25180
1.25055
1.25865
1.26275
1.26945
1.26360
1.25780
1.27185
1.26985
1.27600
1.27670
1.28265
1.27875
1.28030
1.28765
1.28430
1.28340
1.28615
1.27950
1.27215
1.27145
1.27845
1.28395
1.28275
1.28245
1.28930
1.28030
1.27875
1.27645
1.27535
1.27800
1.28240
1.28335
1.28140
1.28375
1.28730
1.28170
1.28055
1.27310
1.26765
1.27025
1.26885
1.26895
1.27240
1.26665
1.27050
1.26780
1.26865
1.27800
1.27845
1.27450
1.26905
1.27010
1.27035
1.26740
1.27375
1.27320
1.27160
1.26940
1.26010
1.25950
1.25375
1.25155
1.25555
1.25130
1.25335
1.25450
1.25335
1.26255
1.26180
1.25520
1.25575
1.26020
1.26935
1.27405
1.27245
1.27620
1.27570
1.27790
1.27170
1.27240
1.27760
1.27570
1.28285
1.28405
1.28055
1.28105
1.28275
1.27960
1.28285
1.28155
1.28445
1.29440
1.29450
1.30970
1.31345
1.31995
1.31540
1.32420
1.33385
1.33425
1.33165
1.32870
1.32865
1.32025
1.32370
1.32850
1.32135
1.31430
1.30805
1.30975
1.31970
1.31725
1.31765
1.31470
1.30980
1.31145
1.31495
1.31975
1.32735
1.31700
1.30835
1.30030
1.30230
1.30005
1.29375
1.28925
1.29235
1.29375
1.29180
1.29375
1.29635
1.29620
1.29505
1.30265
1.29705
1.29305
1.29170
1.29565
1.29705
1.30325
1.30215
1.29615
1.29285
1.29845
1.30115
1.30420
1.30085
1.29660
1.30385
1.31315
1.31420
1.31380
1.31560
1.31380
1.31395
1.31265
1.31670
1.31880
1.32430
1.32295
1.31865
1.31920
1.30895
1.31275
1.31775
1.31335
1.31155
1.31895
1.31965
1.32225
1.32375
1.33170
1.33025
1.33175
1.33855
1.33310
1.32830
1.33305
1.33520
1.33130
1.33310
1.33555
1.33655
1.33305
1.33675
1.34295
1.33710
1.33545
1.34395
1.34315
1.34815
1.35275
1.35345
1.35665
1.36090
1.36130
1.35920
1.35765
1.36395
1.36375
1.36010
1.36525
1.36475
1.36045
1.35925
1.35495
1.35920
1.36010
1.35425
1.35285
1.34845
1.35245
1.35465
1.35915
1.35155
1.34945
1.35080
1.34685
1.34485
1.34595
1.34295
1.34440
1.34525
1.34485
1.34290
1.34525
1.34485
1.34895
1.35240
1.35035
1.34335
1.33735
1.33575
1.33020
1.33115
1.33115
1.33885
1.34145
1.34275
1.34045
1.33895
1.34695
1.34630
1.34545
1.34535
1.34495
1.35415
1.36235
1.36085
1.36130
1.35995
1.36275
1.36265
1.37470
1.37460
1.37890
1.37825
1.37725
1.37820
1.38035
1.38040
1.38270
1.38070
1.38235
1.37215
1.37460
1.36320
1.36975
1.36840
1.36670
1.37040
1.37735
1.37935
1.37365
1.37985
1.36775
1.36935
1.36135
1.35330
1.34415
1.34260
1.34745
1.34745
1.34660
1.35425
1.35645
1.36760
1.36470
1.36040
1.36775
1.36255
1.36295
1.36245
1.36050
1.36465
1.36915
1.37680
1.38025
1.38395
1.39035
1.38855
1.38755
1.38675
1.39840
1.39575
1.40645
1.40910
1.40865
1.41385
1.41275
1.41525
1.42670
1.42320
1.41550
1.40905
1.41385
1.41355
1.40485
1.41065
1.41455
1.41965
1.41780
1.42050
1.41730
1.42080
1.42940
1.43015
1.41815
1.42635
1.42665
1.43240
1.43930
1.44260
1.44330
1.44875
1.44250
1.45045
1.44700
1.45565
1.46370
1.46755
1.46785
1.45325
1.46025
1.46505
1.46120
1.46625
1.46650
1.48405
1.48585
1.48495
1.48375
1.48715
1.48290
1.48415
1.47440
1.46335
1.46675
1.47585
1.46110
1.46375
1.46580
1.47120
1.46550
1.47055
1.46330
1.44295
1.44005
1.44140
1.43835
1.43295
1.43820
1.44015
1.44890
1.46265
1.47240
1.45900
1.47145
1.47515
1.47425
1.46955
1.47075
1.46595
1.48045
1.47765
1.48690
1.48045
1.46520
1.46420
1.46205
1.44540
1.46295
1.46300
1.47555
1.46820
1.47810
1.47765
1.48620
1.48605
1.48025
1.48295
1.46480
1.46320
1.44855
1.45055
1.45190
1.45840
1.45735
1.46430
1.46820
1.46580
1.47255
1.47150
1.48140
1.48265
1.48300
1.49745
1.51205
1.51940
1.51785
1.52040
1.52165
1.52650
1.53805
1.53555
1.53435
1.53380
1.55510
1.56355
1.56735
1.57295
1.56240
1.56260
1.54280
1.54340
1.54230
1.56500
1.58455
1.57785
1.57960
1.57885
1.56145
1.56860
1.56845
1.57375
1.57115
1.57125
1.58315
1.57425
1.58090
1.58320
1.57890
1.59475
1.59080
1.58175
1.59120
1.59915
1.58895
1.56820
1.56305
1.56580
1.55715
1.56225
1.54745
1.54240
1.54970
1.55325
1.53935
1.53935
1.54830
1.55530
1.54740
1.54740
1.54485
1.55785
1.55105
1.56460
1.57945
1.57325
1.57620
1.57700
1.56925
1.56390
1.55185
1.55550
1.55370
1.54445
1.54400
1.55935
1.57790
1.56465
1.54670
1.55530
1.54390
1.53800
1.54770
1.55110
1.55350
1.55040
1.56065
1.55180
1.55680
1.56665
1.57565
1.57945
1.57560
1.57925
1.58825
1.57035
1.57030
1.57260
1.56705
1.57430
1.57885
1.59390
1.59080
1.59110
1.58270
1.58620
1.58485
1.59225
1.57850
1.56990
1.56785
1.57095
1.57410
1.55885
1.55755
1.56035
1.55635
1.55770
1.54540
1.54075
1.53245
1.50055
1.49100
1.49260
1.49190
1.48255
1.46875
1.46945
1.47760
1.47475
1.49000
1.47925
1.47540
1.46535
1.47275
1.47055
1.46735
1.46170
1.45195
1.44985
1.43260
1.42655
1.41295
1.41330
1.39975
1.39965
1.42280
1.42435
1.41300
1.43260
1.43485
1.44680
1.47750
1.46470
1.46215
1.46090
1.46130
1.44350
1.40925
1.40085
1.38195
1.37750
1.35005
1.35885
1.36540
1.36055
1.34075
1.35805
1.36190
1.34990
1.34555
1.34105
1.33435
1.30625
1.28535
1.29345
1.26245
1.24945
1.26820
1.29610
1.29150
1.27235
1.26435
1.29815
1.29555
1.27140
1.27185
1.27485
1.25225
1.25055
1.27695
1.26030
1.26495
1.26185
1.24885
1.24530
1.25880
1.29540
1.30650
1.28790
1.29045
1.26915
1.26115
1.27145
1.27170
1.27770
1.27155
1.29635
1.29270
1.30225
1.33520
1.33675
1.36885
1.40000
1.44205
1.42495
1.39125
1.39445
1.39280
1.40095
1.40290
1.39270
1.40575
1.39665
1.39225
1.36355
1.35365
1.36465
1.37025
1.34765
1.33610
1.31830
1.31905
1.31160
1.32725
1.30690
1.29055
1.30230
1.30010
1.29745
1.31890
1.31615
1.31660
1.29535
1.28130
1.28440
1.30410
1.28490
1.27910
1.29430
1.30030
1.29135
1.29060
1.28605
1.28610
1.28030
1.25825
1.25295
1.26740
1.28285
1.26945
1.28465
1.27230
1.27445
1.26715
1.25780
1.25615
1.26605
1.25400
1.26545
1.26115
1.26825
1.28365
1.29140
1.29295
1.29675
1.30180
1.34735
1.36650
1.35815
1.36330
1.34685
1.35820
1.35265
1.32880
1.31990
1.32500
1.32490
1.34615
1.34845
1.34165
1.32715
1.32815
1.31690
1.31575
1.33675
1.32595
1.32270
1.31870
1.30445
1.29205
1.29495
1.30055
1.31430
1.32410
1.30375
1.31490
1.32740
1.32300
1.32730
1.34060
1.33295
1.33345
1.33910
1.36345
1.35825
1.36480
1.36000
1.36395
1.34950
1.35620
1.36295
1.37805
1.38905
1.39980
1.40175
1.39850
1.38260
1.39410
1.41575
1.41595
1.43025
1.41630
1.41845
1.39685
1.39000
1.40640
1.39845
1.41080
1.40165
1.38035
1.38370
1.39420
1.39005
1.39365
1.38655
1.40770
1.39290
1.39875
1.40555
1.40825
1.40330
1.41415
1.40035
1.39805
1.39840
1.39245
1.38835
1.40195
1.39355
1.39775
1.39665
1.41065
1.41480
1.41015
1.42320
1.42265
1.42200
1.41430
1.42025
1.42310
1.41675
1.40490
1.40755
1.42575
1.44130
1.44080
1.44045
1.43455
1.41830
1.41405
1.41495
1.41870
1.42925
1.42030
1.40825
1.41365
1.42245
1.42535
1.43260
1.43035
1.42975
1.42555
1.43415
1.43030
1.43330
1.42245
1.42635
1.42515
1.42955
1.43325
1.44775
1.45570
1.45815
1.45710
1.46180
1.46575
1.47105
1.47415
1.47110
1.46795
1.47915
1.47350
1.46655
1.46895
1.46225
1.45880
1.46420
1.45450
1.45765
1.46480
1.47225
1.46915
1.47955
1.47320
1.47730
1.48540
1.49260
1.49485
1.49055
1.49640
1.49455
1.50170
1.50330
1.50095
1.48765
1.48045
1.47055
1.48225
1.47190
1.47760
1.47245
1.48615
1.48715
1.48480
1.49990
1.49935
1.49875
1.48510
1.49040
1.49705
1.48765
1.49635
1.49255
1.48615
1.49610
1.49685
1.51350
1.50200
1.49865
1.50050
1.50805
1.50445
1.50530
1.48575
1.48265
1.47035
1.47245
1.47310
1.46150
1.46570
1.45380
1.45310
1.43385
1.43440
1.42775
1.42495
1.43370
1.43795
1.43790
1.43530
1.43395
1.43265
1.44130
1.43655
1.44075
1.43080
1.44105
1.45130
1.44855
1.45105
1.45000
1.43860
1.43835
1.42880
1.41060
1.40840
1.41385
1.41505
1.40720
1.40235
1.39710
1.38635
1.39305
1.39645
1.38935
1.37230
1.36785
1.36480
1.37970
1.37370
1.36935
1.36315
1.35985
1.37715
1.36070
1.35270
1.36130
1.35955
1.35075
1.35410
1.35485
1.36330
1.35600
1.36150
1.36965
1.35815
1.36240
1.36340
1.36020
1.36570
1.36810
1.37690
1.36770
1.37660
1.37375
1.36080
1.35300
1.35585
1.34985
1.33145
1.32720
1.34095
1.34825
1.34135
1.35095
1.35890
1.35030
1.34840
1.33990
1.33440
1.33610
1.34990
1.35915
1.36135
1.36535
1.35725
1.35030
1.34895
1.34345
1.33890
1.32945
1.33840
1.33820
1.31750
1.32200
1.32335
1.32945
1.31945
1.29870
1.28145
1.26180
1.27515
1.27870
1.26620
1.26135
1.25350
1.23590
1.23950
1.22025
1.24155
1.24865
1.25710
1.23720
1.23450
1.21785
1.23615
1.22730
1.23055
1.22285
1.22490
1.21620
1.19665
1.19235
1.19730
1.19785
1.21245
1.21120
1.22200
1.23320
1.23110
1.23880
1.23875
1.23120
1.22710
1.23100
1.23335
1.23685
1.22770
1.21880
1.22370
1.25275
1.25685
1.25385
1.26265
1.26380
1.26975
1.26400
1.25960
1.27245
1.27440
1.29500
1.29295
1.29420
1.28800
1.27540
1.28925
1.29095
1.29945
1.29960
1.29950
1.30790
1.30505
1.31800
1.32305
1.31610
1.31885
1.32805
1.32215
1.31760
1.28630
1.28295
1.27535
1.28260
1.28845
1.28530
1.28235
1.27115
1.26570
1.26275
1.26585
1.27160
1.27630
1.26630
1.26790
1.28085
1.28255
1.28965
1.28760
1.26820
1.27205
1.26950
1.26790
1.28830
1.29975
1.30110
1.30780
1.30495
1.30610
1.32640
1.34055
1.33145
1.34930
1.34545
1.35855
1.36265
1.36345
1.37915
1.36850
1.38395
1.39300
1.39260
1.39395
1.38765
1.39250
1.39615
1.40850
1.39775
1.39340
1.37270
1.39640
1.39200
1.39535
1.39655
1.38595
1.37695
1.39310
1.39470
1.38930
1.40335
1.41380
1.42080
1.40325
1.39195
1.37725
1.37830
1.36675
1.36915
1.35870
1.34890
1.35295
1.36430
1.36725
1.36270
1.33665
1.33350
1.33595
1.32410
1.31255
1.29830
1.31385
1.32095
1.34150
1.33080
1.32610
1.32620
1.32390
1.32265
1.33910
1.33785
1.32135
1.32440
1.31885
1.31305
1.31010
1.31000
1.31145
1.31220
1.31645
1.31145
1.32250
1.32900
1.33830
1.33610
1.33070
1.31500
1.30030
1.29070
1.29510
1.29745
1.31315
1.33645
1.33885
1.32935
1.33870
1.34735
1.34725
1.36205
1.36375
1.36820
1.37130
1.37340
1.36115
1.36935
1.38290
1.38110
1.36335
1.35830
1.35820
1.36255
1.37325
1.36020
1.35555
1.34885
1.34870
1.35685
1.36095
1.36945
1.36785
1.36500
1.37485
1.37995
1.37535
1.38065
1.37765
1.38655
1.39695
1.39865
1.39690
1.39045
1.39085
1.37975
1.39035
1.39925
1.39975
1.39005
1.40215
1.41825
1.42265
1.41965
1.40875
1.41775
1.40880
1.40870
1.41135
1.41280
1.41575
1.42370
1.42205
1.42230
1.43320
1.43080
1.44835
1.44355
1.44770
1.44425
1.44880
1.44305
1.42340
1.43345
1.45225
1.45525
1.45615
1.45805
1.46440
1.47880
1.48225
1.48080
1.48305
1.48255
1.48275
1.45390
1.43160
1.43655
1.44095
1.41920
1.42465
1.41185
1.41560
1.42375
1.42490
1.43100
1.41615
1.40475
1.41000
1.40880
1.41445
1.43190
1.42815
1.43960
1.43285
1.44910
1.46350
1.45760
1.46915
1.45835
1.45110
1.43470
1.44130
1.44400
1.41795
1.42055
1.43055
1.43045
1.44115
1.43555
1.42565
1.41885
1.42870
1.43710
1.44350
1.45020
1.45270
1.45395
1.44290
1.43190
1.43635
1.42650
1.40280
1.39765
1.41685
1.41430
1.41580
1.41125
1.41555
1.42160
1.44250
1.43590
1.43770
1.45115
1.43690
1.43340
1.43990
1.42500
1.42045
1.43235
1.40920
1.42820
1.41780
1.43750
1.41780
1.42405
1.42480
1.44450
1.44075
1.44260
1.43325
1.43970
1.43585
1.44405
1.44145
1.43800
1.44990
1.45110
1.44415
1.43695
1.42595
1.42055
1.40980
1.39980
1.40980
1.38830
1.36565
1.36785
1.36785
1.37550
1.38775
1.37955
1.36850
1.37020
1.35725
1.34640
1.35005
1.35330
1.35835
1.35420
1.35970
1.33880
1.31770
1.33495
1.33480
1.34375
1.33775
1.36425
1.36395
1.37920
1.37775
1.38825
1.37375
1.37520
1.37605
1.37800
1.38965
1.39290
1.39080
1.39065
1.41890
1.41480
1.38575
1.37040
1.37470
1.38230
1.37915
1.37765
1.38340
1.35425
1.36060
1.37495
1.36335
1.35395
1.34635
1.34580
1.35250
1.34895
1.35050
1.33425
1.33470
1.32385
1.33195
1.33165
1.34460
1.34620
1.33925
1.34010
1.34010
1.34120
1.33410
1.33870
1.31880
1.30370
1.29830
1.30160
1.30455
1.29985
1.30820
1.30475
1.30515
1.30460
1.30610
1.30705
1.29410
1.29615
1.29595
1.29350
1.30495
1.29430
1.27885
1.27170
1.27650
1.27780
1.27065
1.28145
1.26800
1.26665
1.27370
1.28640
1.29685
1.29310
1.30145
1.30360
1.31065
1.31090
1.32205
1.31435
1.30840
1.31610
1.31440
1.31575
1.31300
1.32610
1.32605
1.32860
1.31985
1.31870
1.31335
1.30665
1.31305
1.31395
1.32440
1.32345
1.32485
1.33725
1.34485
1.33975
1.34585
1.33250
1.33110
1.31980
1.32170
1.31125
1.31495
1.32740
1.31230
1.31550
1.30840
1.30325
1.30800
1.31750
1.32385
1.32255
1.32160
1.32010
1.32700
1.33590
1.33135
1.33170
1.33020
1.33430
1.33205
1.32335
1.31420
1.30655
1.30980
1.31060
1.30820
1.31100
1.31880
1.30785
1.31410
1.31265
1.31230
1.31375
1.32195
1.31570
1.31970
1.32175
1.32195
1.32535
1.32390
1.32370
1.31585
1.31525
1.30845
1.30505
1.30060
1.29290
1.29360
1.29175
1.28230
1.27295
1.27160
1.26985
1.27800
1.28175
1.26840
1.25820
1.25330
1.25170
1.25415
1.25030
1.23670
1.23655
1.24345
1.24995
1.24525
1.25810
1.25605
1.25185
1.24830
1.25035
1.25575
1.26335
1.26395
1.25760
1.26855
1.27075
1.25410
1.25700
1.25045
1.24920
1.24690
1.24435
1.26670
1.25790
1.26080
1.25270
1.23915
1.22870
1.23130
1.22500
1.22385
1.22035
1.22495
1.22730
1.22945
1.22835
1.22810
1.21580
1.21175
1.20595
1.21580
1.22835
1.23230
1.22605
1.23045
1.22255
1.21805
1.23860
1.24010
1.23995
1.23655
1.23055
1.22890
1.23325
1.23220
1.22905
1.23560
1.23340
1.23455
1.24730
1.25295
1.25635
1.25130
1.24990
1.25650
1.25295
1.25065
1.25790
1.25925
1.25665
1.26010
1.26310
1.28170
1.27590
1.28550
1.28995
1.29885
1.31285
1.31175
1.30475
1.30490
1.29685
1.29800
1.29305
1.29015
1.28735
1.29135
1.28590
1.28885
1.29195
1.29055
1.30180
1.30345
1.29685
1.28850
1.28740
1.29275
1.29515
1.29490
1.30535
1.31190
1.30670
1.30250
1.30595
1.29870
1.29735
1.29345
1.29390
1.29040
1.29605
1.29600
1.29425
1.28380
1.27960
1.28140
1.27710
1.27470
1.27095
1.27095
1.27040
1.27355
1.27810
1.27435
1.28135
1.28170
1.28295
1.28845
1.29725
1.29715
1.29425
1.29525
1.29790
1.29860
1.30535
1.30945
1.30680
1.29670
1.29270
1.29410
1.30055
1.30735
1.30775
1.31630
1.31640
1.32285
1.32265
1.32440
1.31875
1.31925
1.32245
1.32370
1.32170
1.31970
1.31865
1.30490
1.30680
1.31170
1.30810
1.30645
1.32720
1.33430
1.33815
1.33055
1.32895
1.33765
1.33205
1.33125
1.33220
1.33180
1.33775
1.34635
1.34555
1.34920
1.35670
1.35775
1.36405
1.35145
1.35835
1.35225
1.33970
1.33645
1.34060
1.34535
1.34520
1.33630
1.33615
1.33515
1.33880
1.32830
1.31895
1.31915
1.30620
1.30610
1.31390
1.30565
1.30270
1.30265
1.30515
1.29670
1.31070
1.30050
1.30460
1.30340
1.29610
1.30050
1.30760
1.29565
1.28820
1.29325
1.28985
1.29890
1.28525
1.28610
1.27800
1.28165
1.28205
1.28485
1.28210
1.28495
1.29360
1.29925
1.30085
1.30820
1.30700
1.31000
1.31125
1.30360
1.31775
1.30325
1.30505
1.30525
1.30665
1.29985
1.30155
1.30115
1.30305
1.30990
1.31675
1.31795
1.30650
1.31150
1.30765
1.30795
1.31530
1.30420
1.29895
1.29750
1.29220
1.28865
1.28835
1.28380
1.28825
1.29065
1.28585
1.29330
1.29330
1.29300
1.28555
1.29410
1.30495
1.29965
1.30765
1.30810
1.30935
1.32460
1.32190
1.32575
1.33135
1.33385
1.33760
1.33470
1.33665
1.33930
1.32940
1.32200
1.31215
1.31200
1.30785
1.30120
1.30385
1.30090
1.30640
1.29785
1.30105
1.29135
1.28305
1.28705
1.27810
1.29765
1.30970
1.30675
1.30625
1.31625
1.31250
1.31090
1.31425
1.31855
1.32230
1.32010
1.32770
1.32790
1.32620
1.32620
1.33030
1.32065
1.32815
1.32585
1.33045
1.33375
1.33810
1.33415
1.33005
1.32630
1.32555
1.33470
1.33290
1.33350
1.34170
1.33560
1.33560
1.33815
1.33675
1.33930
1.33395
1.32410
1.32220
1.31920
1.31705
1.32075
1.31200
1.31785
1.32550
1.32680
1.33110
1.32995
1.32945
1.33340
1.33590
1.35215
1.35300
1.35245
1.34930
1.34735
1.35255
1.34885
1.35230
1.35260
1.35260
1.35790
1.36180
1.35575
1.35810
1.35735
1.35245
1.35200
1.35440
1.35615
1.35235
1.35340
1.36755
1.36860
1.36810
1.37805
1.37755
1.38010
1.38030
1.37850
1.37455
1.37355
1.35835
1.34870
1.35140
1.34745
1.35125
1.34195
1.33715
1.34065
1.34355
1.34870
1.34590
1.34950
1.35055
1.35385
1.34385
1.34820
1.35580
1.35165
1.35725
1.35800
1.36055
1.35910
1.35420
1.35890
1.35930
1.36675
1.37055
1.37385
1.37610
1.37865
1.37535
1.37415
1.37605
1.37680
1.36840
1.36610
1.36750
1.36960
1.36815
1.36910
1.37480
1.38030
1.37460
1.36720
1.35890
1.36280
1.36155
1.35755
1.36080
1.36695
1.36710
1.36790
1.36050
1.36200
1.35415
1.35520
1.35610
1.35475
1.36960
1.36770
1.36735
1.36710
1.36635
1.35545
1.34870
1.35255
1.35185
1.35330
1.35900
1.36350
1.36455
1.36380
1.35930
1.36800
1.36925
1.37070
1.37590
1.37330
1.37185
1.37395
1.37350
1.37450
1.36865
1.37100
1.38020
1.37350
1.37430
1.37335
1.38610
1.38765
1.38765
1.38600
1.39035
1.38695
1.39140
1.39220
1.39340
1.38330
1.37785
1.37925
1.38390
1.38265
1.37790
1.37405
1.37515
1.37690
1.37930
1.37675
1.37200
1.37030
1.37415
1.37970
1.38555
1.38860
1.38840
1.38205
1.38145
1.38155
1.38140
1.38110
1.37930
1.38050
1.38170
1.38315
1.38350
1.38510
1.38120
1.38670
1.38695
1.38705
1.38755
1.39280
1.39100
1.38400
1.37580
1.37575
1.37035
1.37145
1.37095
1.36940
1.37090
1.37015
1.36865
1.36560
1.36285
1.36455
1.36345
1.35910
1.36020
1.36345
1.35965
1.36275
1.35985
1.36605
1.36430
1.35940
1.35480
1.35315
1.35520
1.35390
1.35735
1.35470
1.35955
1.36075
1.36000
1.36045
1.36060
1.36285
1.36115
1.36505
1.36920
1.36790
1.36595
1.36100
1.35945
1.36050
1.36120
1.36415
1.36090
1.36075
1.36190
1.35680
1.35250
1.35260
1.35250
1.35235
1.34660
1.34635
1.34635
1.34295
1.34400
1.34090
1.33970
1.33905
1.34275
1.34220
1.33760
1.33825
1.33635
1.34090
1.33850
1.33695
1.33645
1.33650
1.34010
1.33635
1.33200
1.32595
1.32810
1.32425
1.31920
1.31675
1.31930
1.31820
1.31320
1.31285
1.31330
1.31505
1.29440
1.29515
1.28945
1.29375
1.29170
1.29245
1.29630
1.29400
1.29600
1.28650
1.29235
1.28290
1.28495
1.28465
1.27805
1.27505
1.26830
1.26855
1.26305
1.26225
1.26690
1.25150
1.26555
1.26690
1.27340
1.26910
1.26300
1.27520
1.26580
1.28375
1.28095
1.27610
1.28005
1.27155
1.26485
1.26465
1.26705
1.26985
1.27345
1.26320
1.26135
1.25245
1.24820
1.25465
1.24855
1.23750
1.24560
1.24210
1.24750
1.24380
1.24765
1.25255
1.24500
1.25360
1.25540
1.25395
1.23920
1.24425
1.24745
1.25060
1.24675
1.24515
1.24700
1.23830
1.23110
1.23790
1.22825
1.23175
1.23740
1.24480
1.24105
1.24620
1.24370
1.25110
1.23420
1.22860
1.22295
1.22295
1.21725
1.22040
1.21800
1.21525
1.21560
1.21010
1.20020
1.19330
1.18895
1.18395
1.17925
1.18410
1.18340
1.17730
1.17895
1.16315
1.15680
1.16070
1.15500
1.16105
1.13655
1.12030
1.12395
1.13810
1.12880
1.13200
1.12895
1.13415
1.14810
1.13455
1.14770
1.13145
1.13245
1.13205
1.13370
1.14030
1.13930
1.13540
1.14110
1.13970
1.13680
1.13810
1.13345
1.13405
1.13605
1.11980
1.11960
1.11835
1.11765
1.10785
1.10310
1.08435
1.08515
1.06980
1.05470
1.06345
1.04955
1.05675
1.05970
1.08640
1.06595
1.08220
1.09460
1.09240
1.09700
1.08840
1.08890
1.08330
1.07315
1.07630
1.08800
1.09715
1.09220
1.08145
1.07805
1.06595
1.06045
1.05675
1.06545
1.06840
1.07615
1.08070
1.07375
1.07355
1.07245
1.08240
1.08790
1.08915
1.09810
1.11285
1.12245
1.11980
1.11465
1.11850
1.13470
1.12670
1.12020
1.11555
1.12130
1.13540
1.14100
1.14515
1.13150
1.11500
1.10940
1.11120
1.10125
1.09780
1.08725
1.09045
1.09480
1.09880
1.09275
1.11510
1.12745
1.12380
1.11155
1.12910
1.12825
1.13245
1.12580
1.12660
1.12835
1.12475
1.13380
1.13590
1.13480
1.13405
1.11675
1.12050
1.12040
1.11700
1.12360
1.11475
1.10535
1.10840
1.11125
1.10560
1.10110
1.10760
1.10365
1.11555
1.10020
1.10090
1.09490
1.08740
1.08300
1.08255
1.09345
1.09290
1.09840
1.09810
1.10880
1.10600
1.09835
1.09325
1.09845
1.09500
1.08815
1.09060
1.09245
1.09665
1.10190
1.10420
1.11590
1.11490
1.11090
1.10780
1.10225
1.11205
1.12415
1.13865
1.16195
1.15175
1.13145
1.12470
1.11850
1.12110
1.13145
1.12270
1.11235
1.11505
1.11700
1.12030
1.12070
1.12805
1.13365
1.13165
1.12690
1.12910
1.14350
1.12990
1.11895
1.11205
1.11855
1.12300
1.11990
1.12445
1.12485
1.11765
1.11945
1.12155
1.11880
1.12720
1.12375
1.12755
1.13585
1.13585
1.13795
1.14740
1.13825
1.13495
1.13265
1.13465
1.13395
1.11085
1.10085
1.10580
1.10510
1.09225
1.09770
1.10050
1.10160
1.09645
1.08650
1.08840
1.07410
1.07515
1.07245
1.07430
1.08140
1.07720
1.06865
1.06420
1.06595
1.07340
1.06455
1.06360
1.06435
1.06245
1.06105
1.05925
1.05650
1.06325
1.06140
1.09400
1.08785
1.08375
1.08920
1.10245
1.09410
1.09925
1.09920
1.09300
1.09125
1.08260
1.08640
1.09145
1.09565
1.09115
1.09640
1.09685
1.09200
1.09330
1.08660
1.08315
1.07480
1.07800
1.09320
1.09260
1.08595
1.08575
1.08770
1.08650
1.09170
1.08925
1.09080
1.08905
1.08740
1.07970
1.08490
1.08705
1.08935
1.09405
1.08300
1.08880
1.09195
1.11050
1.12080
1.11555
1.11930
1.12930
1.12920
1.13235
1.12545
1.11555
1.11440
1.11280
1.11065
1.11340
1.10295
1.10190
1.10130
1.10180
1.09345
1.08730
1.08680
1.08685
1.09575
1.10075
1.10140
1.10110
1.09995
1.11770
1.11495
1.11030
1.11090
1.12245
1.13180
1.12700
1.12415
1.12170
1.11810
1.11750
1.11645
1.11960
1.12910
1.13380
1.13800
1.13965
1.13915
1.13845
1.13995
1.13775
1.13990
1.14080
1.13860
1.12740
1.12680
1.12830
1.13135
1.13575
1.12965
1.12875
1.12260
1.12685
1.12970
1.13215
1.13530
1.14520
1.15320
1.14965
1.14875
1.14050
1.14065
1.13825
1.13725
1.14260
1.13765
1.13080
1.13200
1.13130
1.12165
1.12030
1.12230
1.12205
1.11410
1.11550
1.11940
1.11120
1.11380
1.11320
1.11885
1.11510
1.13665
1.13550
1.13575
1.13955
1.13160
1.12510
1.12925
1.12075
1.12600
1.12245
1.12775
1.13140
1.12425
1.12965
1.13840
1.11095
1.10260
1.10645
1.11245
1.11065
1.11335
1.11535
1.10760
1.11000
1.10625
1.10530
1.10580
1.10605
1.10905
1.11200
1.10340
1.10755
1.10210
1.10150
1.10255
1.09765
1.09955
1.09865
1.10585
1.10760
1.11755
1.11625
1.12235
1.11495
1.11295
1.10870
1.10880
1.11170
1.11760
1.11375
1.11645
1.11835
1.12790
1.12895
1.13535
1.13290
1.13200
1.13055
1.12640
1.12855
1.11955
1.11890
1.11435
1.11580
1.11970
1.11555
1.11475
1.12545
1.12395
1.12600
1.12320
1.12355
1.12200
1.12505
1.12435
1.11600
1.11750
1.11505
1.11885
1.12085
1.12265
1.12545
1.12155
1.12175
1.12220
1.12440
1.12115
1.12040
1.12055
1.11510
1.12010
1.11385
1.10540
1.10065
1.10560
1.09720
1.10000
1.09810
1.09740
1.09295
1.08835
1.08820
1.08880
1.09090
1.08970
1.09870
1.09810
1.10550
1.10975
1.11050
1.11400
1.10405
1.10260
1.09100
1.08925
1.08585
1.07370
1.07230
1.06920
1.06265
1.05900
1.06285
1.06285
1.05535
1.05540
1.05965
1.06135
1.06500
1.05885
1.06605
1.06655
1.07645
1.07170
1.07530
1.06145
1.05585
1.06345
1.06255
1.05350
1.04140
1.04515
1.04020
1.03895
1.04240
1.04365
1.04490
1.04580
1.04135
1.04900
1.05250
1.04720
1.04060
1.04895
1.06065
1.05325
1.05735
1.05545
1.05825
1.06125
1.06400
1.06000
1.07140
1.06300
1.06635
1.07025
1.07640
1.07315
1.07480
1.06815
1.06965
1.06955
1.07975
1.07685
1.07580
1.07830
1.07500
1.06835
1.06985
1.06550
1.06410
1.05985
1.05780
1.06005
1.06740
1.06140
1.06130
1.05375
1.05585
1.05820
1.05615
1.05875
1.05765
1.05475
1.05070
1.06255
1.05820
1.05665
1.05405
1.05770
1.06720
1.06540
1.06040
1.07345
1.07660
1.07380
1.07395
1.08110
1.07970
1.07835
1.07980
1.08645
1.08130
1.07650
1.06750
1.06535
1.06690
1.06735
1.06635
1.06445
1.05910
1.05965
1.06045
1.06645
1.06135
1.06125
1.06445
1.07305
1.07110
1.07170
1.07260
1.08675
1.09260
1.09035
1.08735
1.08960
1.08990
1.09300
1.08855
1.09845
1.09980
1.09240
1.08750
1.08675
1.08610
1.09310
1.09750
1.10830
1.11590
1.11020
1.12070
1.12375
1.11830
1.12190
1.12105
1.11830
1.11650
1.11860
1.12435
1.12125
1.12835
1.12545
1.12770
1.12580
1.12145
1.11960
1.12030
1.12110
1.12180
1.11455
1.11970
1.11485
1.11340
1.11680
1.11525
1.11945
1.11825
1.13390
1.13775
1.14410
1.14265
1.13645
1.13465
1.13525
1.14235
1.14010
1.13995
1.14665
1.14120
1.13980
1.14685
1.14780
1.15540
1.15150
1.16315
1.16630
1.16435
1.16470
1.17340
1.16765
1.17540
1.18415
1.18015
1.18560
1.18695
1.17730
1.17955
1.17525
1.17590
1.17725
1.18205
1.17810
1.17355
1.17670
1.17230
1.17600
1.18140
1.17620
1.18070
1.17990
1.19305
1.19790
1.19725
1.18835
1.19100
1.18620
1.18970
1.19140
1.19170
1.20235
1.20360
1.19525
1.19670
1.18855
1.19190
1.19445
1.19540
1.19945
1.18930
1.19415
1.19505
1.18480
1.17930
1.17450
1.17865
1.18150
1.17330
1.17440
1.17595
1.17115
1.17330
1.17405
1.18080
1.18595
1.18300
1.18215
1.17960
1.17665
1.17875
1.18525
1.17850
1.17490
1.17615
1.18130
1.16505
1.16090
1.16510
1.16460
1.16190
1.16585
1.16075
1.16100
1.15865
1.15950
1.16415
1.16655
1.16675
1.17975
1.17915
1.17700
1.17895
1.17325
1.17380
1.18225
1.18500
1.19325
1.18985
1.18400
1.18475
1.19040
1.18990
1.18660
1.18265
1.17955
1.17730
1.17720
1.17690
1.17420
1.18260
1.17780
1.17495
1.17815
1.18395
1.18710
1.18745
1.18585
1.18580
1.18880
1.19425
1.19980
1.20585
1.20145
1.20685
1.20295
1.19670
1.19370
1.19475
1.20320
1.22065
1.22635
1.22600
1.21865
1.22385
1.22195
1.22620
1.22985
1.24085
1.23955
1.24270
1.23825
1.24025
1.24135
1.25090
1.24580
1.23675
1.23770
1.22640
1.22470
1.22525
1.22920
1.23515
1.24510
1.25065
1.24090
1.24075
1.23375
1.22835
1.23305
1.22960
1.23175
1.22330
1.21940
1.22665
1.23200
1.23360
1.24040
1.24115
1.23115
1.23075
1.23340
1.23895
1.23675
1.23045
1.22895
1.23355
1.22415
1.23380
1.23020
1.23535
1.24440
1.24025
1.23085
1.23005
1.23245
1.23020
1.22710
1.22785
1.22405
1.22810
1.23215
1.23560
1.23670
1.23265
1.23305
1.23795
1.23695
1.23740
1.23455
1.22880
1.22090
1.22325
1.21610
1.21035
1.21310
1.20775
1.19930
1.19510
1.19890
1.19630
1.19230
1.18650
1.18505
1.19155
1.19390
1.19270
1.18375
1.18075
1.17945
1.17700
1.17915
1.17790
1.16960
1.17195
1.16520
1.16245
1.15400
1.16655
1.16935
1.16600
1.16985
1.17175
1.17740
1.17995
1.17690
1.17840
1.17450
1.17915
1.15680
1.16075
1.16225
1.15900
1.15710
1.16035
1.16560
1.17040
1.16475
1.15540
1.15690
1.16870
1.16395
1.16575
1.16565
1.16905
1.17460
1.17510
1.17445
1.16730
1.16710
1.16845
1.17115
1.16615
1.16385
1.16420
1.17230
1.16920
1.16860
1.17285
1.16430
1.16570
1.17065
1.16915
1.16595
1.15845
1.15680
1.15535
1.15985
1.16100
1.15270
1.14135
1.14105
1.13440
1.13450
1.13770
1.14385
1.14820
1.15705
1.15965
1.15415
1.16225
1.16780
1.16950
1.17075
1.16710
1.16020
1.16190
1.15815
1.16300
1.16235
1.15540
1.15940
1.16060
1.16265
1.16900
1.16255
1.16830
1.16675
1.16725
1.17770
1.17500
1.17480
1.17665
1.17405
1.16410
1.16030
1.15785
1.15480
1.14780
1.15145
1.15200
1.14915
1.14905
1.15200
1.15935
1.15590
1.15795
1.15740
1.15005
1.14530
1.15145
1.14645
1.14705
1.13920
1.13750
1.14025
1.13730
1.13450
1.13120
1.14085
1.13875
1.14075
1.14265
1.14260
1.13635
1.13350
1.12180
1.12910
1.13090
1.13295
1.14150
1.14535
1.13705
1.13850
1.14020
1.13355
1.13280
1.12890
1.13660
1.13935
1.13160
1.13550
1.13425
1.13445
1.13765
1.13880
1.13555
1.13175
1.13685
1.13595
1.13055
1.13475
1.13610
1.13760
1.14465
1.13730
1.14080
1.13530
1.14305
1.14430
1.14565
1.13440
1.13935
1.13955
1.14745
1.14415
1.15430
1.15000
1.14685
1.14690
1.14135
1.13920
1.13890
1.13625
1.13660
1.13600
1.13815
1.13040
1.14075
1.14275
1.14335
1.14795
1.14470
1.14565
1.14365
1.14055
1.13625
1.13410
1.13215
1.12760
1.13255
1.12605
1.12955
1.12925
1.13115
1.13400
1.13365
1.13345
1.13350
1.13575
1.13890
1.13700
1.13710
1.13660
1.13395
1.13080
1.13065
1.11935
1.12355
1.12455
1.12875
1.13270
1.13035
1.13250
1.13375
1.13520
1.14135
1.13740
1.13015
1.13125
1.12660
1.12440
1.12220
1.12175
1.12130
1.12045
1.12325
1.12205
1.12150
1.12635
1.12630
1.12735
1.12535
1.12985
1.13040
1.12810
1.12960
1.12315
1.12455
1.12575
1.12270
1.11555
1.11325
1.11495
1.11860
1.12155
1.11960
1.11720
1.12015
1.11990
1.11910
1.11915
1.12155
1.12365
1.12220
1.12040
1.12015
1.11745
1.11570
1.11660
1.11605
1.11510
1.11820
1.12035
1.11940
1.11605
1.11310
1.11295
1.11695
1.12410
1.12520
1.12210
1.12760
1.13350
1.13120
1.13265
1.12875
1.12765
1.12080
1.12185
1.11935
1.12265
1.12920
1.13690
1.13980
1.13660
1.13695
1.13690
1.13745
1.12855
1.12850
1.12775
1.12850
1.12255
1.12145
1.12080
1.12510
1.12535
1.12705
1.12580
1.12105
1.12245
1.12770
1.12205
1.12095
1.11520
1.11400
1.11470
1.11270
1.11445
1.11560
1.10755
1.10850
1.11085
1.12030
1.12000
1.11990
1.11810
1.11990
1.12135
1.11715
1.11390
1.11065
1.10900
1.10780
1.11005
1.10845
1.10795
1.11425
1.11015
1.10905
1.10775
1.10570
1.09915
1.09680
1.09740
1.10360
1.10345
1.10275
1.10480
1.10435
1.10105
1.10650
1.10740
1.10010
1.10730
1.10300
1.10410
1.10185
1.09935
1.10200
1.09430
1.09215
1.09410
1.08985
1.09325
1.09590
1.09645
1.09790
1.09715
1.09565
1.09715
1.10055
1.10330
1.10270
1.10335
1.10720
1.11245
1.11715
1.11495
1.11250
1.11305
1.11045
1.10805
1.10995
1.11120
1.11510
1.11520
1.11670
1.11280
1.10745
1.10660
1.10500
1.10200
1.10330
1.10090
1.10065
1.10215
1.10530
1.10725
1.10785
1.10720
1.10590
1.10210
1.10145
1.10205
1.09995
1.10095
1.10190
1.10790
1.10820
1.10780
1.11040
1.10620
1.10640
1.10925
1.11295
1.11300
1.11190
1.11440
1.11500
1.11135
1.11225
1.10775
1.10895
1.10855
1.10975
1.11740
1.11990
1.12175
1.11725
1.11610
1.11970
1.11530
1.11055
1.11060
1.11205
1.11340
1.11280
1.11500
1.11365
1.10905
1.10950
1.10825
1.10930
1.10545
1.10250
1.10190
1.10225
1.10105
1.10320
1.10920
1.10595
1.10445
1.09990
1.09830
1.09445
1.09110
1.09150
1.08735
1.08415
1.08310
1.08365
1.07915
1.08060
1.07850
1.08480
1.08530
1.08820
1.08820
1.10005
1.10260
1.11335
1.11730
1.11355
1.12375
1.12860
1.14440
1.12805
1.12695
1.11850
1.11060
1.11820
1.09980
1.09140
1.06915
1.06880
1.07260
1.07880
1.08825
1.10310
1.11420
1.10450
1.10330
1.09630
1.08570
1.08110
1.07925
1.08920
1.08575
1.09290
1.09335
1.09110
1.09810
1.09110
1.08395
1.08750
1.08620
1.08580
1.08235
1.07770
1.08225
1.08295
1.08200
1.08745
1.09550
1.09805
1.09070
1.08400
1.07940
1.08340
1.08385
1.08075
1.08480
1.08185
1.08045
1.08170
1.09160
1.09235
1.09790
1.09515
1.09030
1.08965
1.09825
1.10075
1.10775
1.11050
1.11360
1.11705
1.12335
1.13385
1.12910
1.12945
1.13415
1.13750
1.12990
1.12555
1.13235
1.12635
1.12440
1.12055
1.11770
1.12605
1.13085
1.12510
1.12175
1.12180
1.12415
1.12345
1.12515
1.12395
1.12470
1.13095
1.12735
1.13300
1.12850
1.13005
1.13440
1.14000
1.14120
1.13835
1.14275
1.14475
1.15270
1.15700
1.15960
1.16565
1.17515
1.17160
1.17915
1.18475
1.17805
1.17620
1.18030
1.18630
1.18765
1.17875
1.17380
1.17400
1.17840
1.18135
1.18425
1.18700
1.19315
1.18380
1.18605
1.17965
1.17880
1.18345
1.18300
1.18225
1.19040
1.19365
1.19120
1.18550
1.18515
1.18385
1.18135
1.17775
1.18030
1.18155
1.18470
1.18660
1.18470
1.18160
1.18485
1.18395
1.17710
1.17080
1.16605
1.16725
1.16315
1.16650
1.17435
1.17210
1.17470
1.17165
1.17840
1.17340
1.17620
1.17600
1.18285
1.18130
1.17470
1.17455
1.17075
1.17180
1.17690
1.18225
1.18625
1.18185
1.18600
1.18100
1.17955
1.17465
1.16750
1.16480
1.16410
1.17145
1.17260
1.18270
1.18740
1.18135
1.18150
1.17775
1.18070
1.18355
1.18515
1.18615
1.18535
1.18750
1.18565
1.18405
1.18920
1.19180
1.19130
1.19630
1.19265
1.20705
1.21160
1.21470
1.21225
1.21105
1.21035
1.20815
1.21380
1.21130
1.21435
1.21505
1.21995
1.22680
1.22555
1.22450
1.21625
1.21865
1.21840
1.22165
1.22505
1.22990
1.22160
1.22475
1.22965
1.23285
1.22715
1.22235
1.21520
1.22075
1.21575
1.21540
1.20755
1.20775
1.21290
1.21065
1.21635
1.21710
1.21395
1.21600
1.21110
1.21215
1.21350
1.20600
1.20440
1.20360
1.19615
1.20485
1.20505
1.21190
1.21180
1.21295
1.21200
1.21280
1.21065
1.20410
1.20915
1.21180
1.21565
1.21495
1.21665
1.21735
1.20735
1.20495
1.20910
1.20635
1.19710
1.19160
1.18470
1.19015
1.19290
1.19860
1.19535
1.19295
1.19025
1.19790
1.19160
1.19040
1.19325
1.18495
1.18130
1.17640
1.17930
1.17650
1.17170
1.17305
1.17765
1.17590
1.18120
1.18755
1.18685
1.19150
1.19015
1.19105
1.19485
1.19800
1.19665
1.19830
1.20365
1.20355
1.20355
1.20155
1.20955
1.20860
1.20905
1.21260
1.21220
1.20210
1.20645
1.20130
1.20045
1.20655
1.21665
1.21295
1.21475
1.20700
1.20800
1.21435
1.21515
1.22225
1.21750
1.22275
1.21800
1.22160
1.22500
1.21920
1.21940
1.21915
1.22260
1.22135
1.22110
1.21270
1.21665
1.21895
1.21730
1.21785
1.21735
1.21085
1.21195
1.21265
1.19945
1.19065
1.18620
1.19195
1.19410
1.19260
1.19325
1.19355
1.19245
1.18965
1.18580
1.18495
1.18650
1.18635
1.18235
1.17905
1.18445
1.18795
1.18605
1.17765
1.18365
1.18125
1.18055
1.17990
1.17800
1.17950
1.17710
1.17705
1.18035
1.18170
1.18445
1.18865
1.18685
1.18710
1.18645
1.18370
1.18330
1.17620
1.17365
1.17195
1.17390
1.17300
1.17955
1.17770
1.17095
1.17100
1.16755
1.16995
1.17450
1.17560
1.17715
1.17520
1.17960
1.17965
1.18090
1.18395
1.18750
1.18825
1.18705
1.18415
1.18165
1.18240
1.18120
1.18110
1.18035
1.18170
1.17675
1.17250
1.17260
1.17270
1.16875
1.17385
1.17200
1.16960
1.16835
1.15975
1.15810
1.15960
1.16210
1.15980
1.15565
1.15520
1.15745
1.15520
1.15300
1.15940
1.15970
1.16000
1.16100
1.16340
1.16500
1.16235
1.16415
1.16085
1.15960
1.16035
1.16820
1.15605
1.16060
1.15790
1.16120
1.15545
1.15655
1.15865
1.15935
1.14790
1.14505
1.14455
1.13680
1.13205
1.13195
1.13710
1.12815
1.12370
1.12485
1.12005
1.12095
1.13160
1.12915
1.13395
1.13200
1.13010
1.13110
1.12845
1.12680
1.13425
1.12930
1.13135
1.12840
1.12590
1.12905
1.13300
1.12410
1.12765
1.12850
1.13265
1.13255
1.13195
1.13280
1.13095
1.13485
1.13250
1.13770
1.12970
1.12870
1.13145
1.12980
1.13610
1.13260
1.13680
1.14415
1.14550
1.14145
1.14065
1.13260
1.13430
1.13115
1.13425
1.13265
1.13010
1.12405
1.11435
1.11460
1.12350
1.12720
1.13045
1.14385
1.14505
1.14420
1.14160
1.14230
1.14280
1.13465
1.13065
1.13595
1.13730
1.13605
1.13220
1.13115
1.13250
1.13035
1.11920
1.12710
1.12185
1.11240
1.11185
1.10665
1.09300
1.08540
1.08995
1.10755
1.09870
1.09145
1.09400
1.09560
1.10350
1.10925
1.10510
1.10160
1.10295
1.10040
1.09970
1.09830
1.09860
1.10865
1.11580
1.10670
1.10460
1.09725
1.09050
1.08970
1.08795
1.08765
1.08840
1.08275
1.08910
1.08285
1.08100
1.07825
1.07875
1.08530
1.08340
1.07975
1.07130
1.06375
1.05570
1.04990
1.05425
1.05065
1.05200
1.06200
1.05395
1.05435
1.05605
1.05285
1.05125
1.03805
1.04135
1.04330
1.05505
1.04630
1.05845
1.05610
1.06905
1.07360
1.06780
1.07280
1.07345
1.07795
1.07335
1.06495
1.07480
1.07195
1.06965
1.07030
1.07165
1.06175
1.05190
1.04085
1.04160
1.04435
1.05490
1.04950
1.05115
1.05340
1.05670
1.05205
1.05540
1.05830
1.05190
1.04430
1.04840
1.04200
1.04220
1.02670
1.01840
1.01605
1.01795
1.00400
1.00365
1.00570
1.00185
1.00890
1.01420
1.02270
1.01785
1.02305
1.02135
1.02195
1.01160
1.01995
1.01970
1.02260
1.02620
1.01660
1.01665
1.02455
1.01805
1.01970
1.02130
1.02995
1.03205
1.02580
1.01595
1.01715
1.01815
1.00855
1.00370
0.99430
0.99695
0.99650
0.99750
0.99705
0.99975
1.00140
1.00535
0.99455
0.99525
0.99275
0.99045
1.00060
0.99970
1.00425
1.01225
0.99680
0.99805
1.00015
1.00165
1.00245
0.99715
0.98370
0.98330
0.96835
0.96095
0.95940
0.97345
0.98155
0.98015
0.98260
0.99865
0.98845
0.97910
0.97335
0.97020
0.97080
0.97030
0.97745
0.97200
0.98425
0.98585
0.97730
0.97855
0.98610
0.98745
0.99655
1.00795
0.99640
0.99650
0.98815
0.98810
0.98160
0.97480
0.99545
1.00195
1.00740
1.00110
1.02080
1.03445
1.03270
1.03495
1.03950
1.03615
1.03245
1.02410
1.03045
1.03960
1.04100
1.03965
1.03395
1.03275
1.04060
1.05185
1.05355
1.04915
1.04675
1.05045
1.05575
1.05450
1.05375
1.06325
1.06820
1.06285
1.05850
1.06070
1.06250
1.06045
1.05975
1.06185
1.06370
1.06395
1.06125
1.06610
1.07020
1.05475
1.06020
1.05220
1.06440
1.07295
1.07330
1.07580
1.08535
1.08290
1.08210
1.07880
1.07940
1.08320
1.08565
1.08720
1.08860
1.09155
1.08925
1.08690
1.08505
1.08635
1.09895
1.09095
1.07945
1.07260
1.07265
1.07110
1.07395
1.06740
1.07230
1.07370
1.06900
1.06740
1.06950
1.06850
1.06485
1.06040
1.05955
1.05485
1.06095
1.05750
1.06680
1.05965
1.06350
1.06805
1.05495
1.05455
1.05805
1.06420
1.07310
1.07330
1.05775
1.06100
1.06590
1.07210
1.07670
1.08555
1.08310
1.07585
1.07975
1.08445
1.08445
1.09055
1.08410
1.08990
1.09530
1.09025
1.09220
1.09070
1.08590
1.09130
1.09920
1.10465
1.09935
1.09255
1.09720
1.09545
1.09695
1.09860
1.10460
1.09725
1.10395
1.10285
1.10205
1.09755
1.09980
1.10625
1.10125
1.10200
1.10040
1.09605
1.09820
1.09155
1.08500
1.08745
1.08630
1.08395
1.07700
1.08025
1.08125
1.07695
1.07500
1.07250
1.07215
1.07080
1.07345
1.06890
1.07620
1.07080
1.07130
1.06925
1.06985
1.07825
1.07475
1.07560
1.07935
1.08290
1.09450
1.09305
1.09215
1.09180
1.09865
1.09560
1.08920
1.09060
1.09605
1.09130
1.08645
1.09115
1.09120
1.08795
1.08545
1.08880
1.09655
1.10015
1.10090
1.11290
1.12265
1.12260
1.12355
1.12285
1.11995
1.11295
1.11235
1.10645
1.10535
1.10860
1.09765
1.10145
1.09970
1.09845
1.09380
1.09490
1.10075
1.10025
1.09565
1.09740
1.09810
1.09475
1.09055
1.09060
1.08795
1.08725
1.08730
1.08960
1.08455
1.08630
1.08105
1.07960
1.08190
